cam_model: Pinhole
cam_width: 1280
cam_height: 720
scale: 0.5
cam_fx: 916.789184570312
cam_fy: 916.39111328125
cam_cx: 637.044189453125
cam_cy: 367.629577636719
cam_d0: 0
cam_d1: 0
cam_d2: 0
cam_d3: 0